<?xml version="1.0" encoding="UTF-8"?>
<map version="1.0" tiledversion="1.0.3" orientation="orthogonal" renderorder="right-down" width="120" height="16" tilewidth="16" tileheight="16" nextobjectid="168">
 <tileset firstgid="1" name="marker" tilewidth="16" tileheight="16" tilecount="16" columns="4">
  <image source="marker.png" width="64" height="64"/>
 </tileset>
 <tileset firstgid="17" name="background_tiles2" tilewidth="16" tileheight="16" tilecount="24" columns="8">
  <image source="background_tiles-spinne.png" width="128" height="48"/>
 </tileset>
 <layer name="Tiles" width="120" height="16">
  <data encoding="csv">
0,0,0,0,0,0,0,0,0,0,0,0,0,0,0,0,0,0,0,0,0,0,0,0,0,0,0,0,0,0,0,0,0,0,0,0,0,0,0,0,0,0,0,0,0,0,0,0,0,0,0,0,0,0,0,0,0,0,32,32,23,23,0,32,32,23,23,23,0,0,0,0,0,0,0,0,0,32,32,23,23,23,32,32,23,23,0,0,0,0,23,23,23,23,23,23,23,23,23,23,23,23,23,0,0,0,0,0,0,0,0,0,0,0,0,0,0,0,0,0,
0,0,0,0,0,0,0,0,0,0,0,0,0,0,0,0,0,0,0,0,0,0,0,0,0,0,0,0,0,0,0,0,0,0,0,0,0,0,0,0,0,0,0,0,0,0,0,0,0,0,0,0,0,0,0,0,0,32,32,23,23,23,0,32,32,23,23,0,0,0,0,0,0,0,0,0,23,23,23,23,23,23,23,0,0,0,0,0,0,23,23,23,23,23,23,23,23,23,23,23,23,23,0,0,0,0,0,0,0,0,0,0,0,0,0,0,0,0,0,0,
0,0,0,0,0,0,0,0,0,0,0,0,0,0,0,0,0,0,0,0,0,0,0,0,0,0,0,0,0,0,0,0,0,0,0,0,0,0,0,0,0,0,0,0,0,0,0,0,0,0,0,0,0,0,0,0,0,32,32,23,23,23,0,32,32,23,23,0,0,32,32,0,0,0,0,0,23,23,23,23,23,23,23,0,0,0,0,23,23,23,23,23,23,23,23,23,23,23,23,23,23,23,0,0,0,0,0,0,0,0,0,0,0,0,0,0,0,0,0,0,
0,0,0,0,0,0,0,0,0,0,0,0,0,0,0,0,0,0,0,0,0,0,0,0,0,0,0,0,0,0,0,0,0,0,0,0,0,0,0,0,0,0,0,0,0,0,0,0,0,0,0,0,0,0,0,0,0,32,32,23,23,0,0,32,32,23,23,32,32,0,0,0,23,23,0,0,23,23,23,23,23,0,0,23,23,23,0,0,23,23,23,23,23,23,23,23,23,23,23,23,23,0,23,23,0,0,0,0,0,0,0,0,0,0,0,0,0,0,0,0,
0,0,0,0,0,0,0,0,0,0,0,0,0,0,0,0,0,0,0,0,0,0,0,0,0,0,0,0,0,0,0,0,0,0,0,0,0,0,0,0,0,0,0,0,0,0,0,0,0,0,0,0,0,0,0,0,0,32,32,23,23,0,0,32,32,32,23,23,0,0,23,23,23,23,0,23,23,23,0,0,0,23,0,23,23,0,0,23,23,23,23,23,23,23,23,23,23,23,23,0,0,23,23,23,0,0,0,0,0,0,0,0,0,0,0,0,0,0,0,0,
0,0,0,0,0,0,0,0,0,0,0,0,0,0,0,0,0,0,0,0,0,0,0,0,0,0,0,0,0,0,0,0,0,0,0,0,0,0,0,0,0,0,0,0,0,0,0,0,0,0,0,0,0,0,0,0,0,32,32,23,23,0,32,32,23,23,23,0,0,23,23,23,32,32,0,0,0,0,0,0,0,23,0,23,23,0,23,23,23,23,23,23,23,23,0,0,0,0,0,0,0,0,0,0,0,0,0,0,0,0,0,0,0,0,0,0,0,0,0,0,
0,0,0,0,0,0,0,0,0,0,0,0,0,0,0,0,0,0,0,0,0,0,0,0,0,0,0,0,0,0,0,0,0,0,0,0,0,0,0,0,0,0,0,0,0,0,0,30,23,31,0,0,0,0,0,0,0,23,32,32,32,32,23,23,23,23,0,0,23,23,23,32,0,0,0,0,0,0,0,0,0,23,0,0,0,0,0,0,0,0,0,0,0,0,32,32,23,23,0,23,23,23,0,23,0,0,0,0,0,0,0,0,0,0,0,0,0,0,0,0,
0,0,0,0,0,0,0,0,0,0,0,0,0,0,0,0,0,0,0,0,0,0,0,0,0,0,0,0,0,0,0,0,0,0,0,0,0,0,0,0,0,0,0,0,0,0,0,33,32,34,0,0,0,0,0,0,0,23,32,32,32,32,23,23,23,0,0,23,32,0,0,0,0,0,23,23,23,0,0,0,0,32,0,0,0,32,32,32,32,32,32,23,23,23,23,23,0,0,23,23,23,0,23,23,0,0,0,0,0,0,0,0,0,0,0,0,0,0,0,0,
0,0,0,0,0,0,0,0,0,0,0,0,0,0,0,0,0,0,0,0,0,0,0,0,0,0,0,0,0,0,0,0,0,0,0,0,0,0,0,0,0,30,31,0,0,0,0,33,32,34,0,0,0,0,0,0,32,32,32,32,32,32,0,0,0,0,32,32,0,0,32,32,0,32,32,32,32,32,32,32,0,23,0,0,0,23,23,23,23,23,23,23,23,23,0,0,23,23,23,23,0,23,23,23,0,0,0,0,0,0,0,0,0,0,0,0,0,0,0,0,
0,0,0,0,0,0,0,0,0,0,0,0,0,0,0,0,0,0,0,0,0,0,0,0,0,0,0,0,0,0,0,0,0,0,0,0,0,0,0,0,0,33,34,0,0,0,0,33,32,34,0,0,0,0,0,0,32,32,23,23,23,0,0,23,23,23,23,0,0,23,23,23,0,23,32,32,23,23,23,23,0,0,0,0,0,0,0,23,23,23,23,23,23,0,23,23,23,23,23,0,23,23,23,23,0,0,0,0,0,0,0,0,0,0,0,0,0,0,0,0,
0,0,0,0,0,0,0,0,0,0,0,0,0,0,0,0,0,0,0,0,0,0,0,0,0,0,0,0,0,0,0,0,0,0,0,0,0,0,0,0,0,33,34,0,0,0,0,33,32,34,0,0,0,0,0,0,0,32,32,32,32,32,32,32,32,32,0,0,0,0,23,23,0,23,23,23,23,0,0,0,0,0,0,0,23,0,23,0,0,0,23,0,0,23,23,23,23,23,23,0,23,23,23,23,0,0,0,0,0,0,0,0,0,0,0,0,0,0,0,0,
0,0,0,0,0,0,0,0,0,0,0,0,0,0,0,0,0,0,0,0,0,30,31,0,0,0,0,0,0,0,0,0,0,0,0,0,0,0,0,0,0,33,34,0,0,0,0,33,32,34,0,0,0,0,0,0,0,0,0,0,0,0,0,0,0,0,0,32,32,0,0,0,0,0,0,0,0,32,32,32,32,0,0,0,32,32,0,0,32,0,0,32,32,32,32,32,32,32,0,32,32,32,32,32,32,32,23,23,23,23,0,0,0,0,0,0,0,0,0,0,
0,0,0,0,0,0,0,0,0,0,0,0,0,0,0,0,0,0,0,0,0,33,34,0,0,0,0,0,0,0,0,0,0,0,0,0,0,0,0,0,0,33,34,0,0,0,0,33,32,34,0,0,0,0,0,0,0,0,0,23,23,23,23,23,23,23,23,23,23,23,23,23,0,0,23,23,23,23,23,23,23,0,0,0,0,0,23,0,0,0,0,0,23,23,23,23,23,23,0,23,32,32,23,23,23,23,23,23,23,23,0,0,0,0,0,0,0,0,0,0,
0,0,0,0,0,0,0,0,0,0,0,0,0,0,0,0,0,0,0,0,0,33,34,0,0,0,0,0,0,0,0,0,0,0,0,0,0,0,0,0,0,33,34,0,0,0,0,33,32,34,0,0,0,0,0,0,0,0,32,32,23,32,32,23,23,0,0,23,23,32,32,32,32,0,0,32,32,32,32,32,32,32,32,32,0,0,32,32,32,32,32,32,32,32,32,32,32,0,32,32,32,32,32,32,32,32,32,32,32,23,23,0,0,0,0,0,0,0,0,0,
23,23,23,23,23,0,0,0,0,0,0,0,0,0,0,0,0,0,0,0,0,33,34,0,0,0,0,0,0,0,0,0,0,0,0,0,0,0,0,0,0,33,34,0,0,0,0,33,32,34,0,0,0,0,0,0,0,23,23,23,32,32,32,32,32,32,32,32,32,23,23,23,23,23,0,0,0,23,23,23,23,23,23,23,0,0,23,23,23,23,23,23,23,23,23,23,23,0,23,23,23,23,23,23,23,23,23,23,23,23,23,0,0,0,0,0,0,0,0,0,
23,23,23,23,23,23,23,23,23,23,23,23,23,23,23,23,23,23,23,23,23,23,23,23,23,23,23,23,23,23,23,23,23,23,23,23,23,23,23,23,23,23,29,23,23,23,23,28,32,29,23,23,23,23,23,23,23,23,23,23,23,23,23,23,23,23,23,23,23,23,23,23,23,23,23,0,0,0,0,0,0,0,0,0,23,0,23,23,23,23,23,23,23,23,23,23,23,0,23,23,23,23,23,23,23,23,23,0,0,0,0,0,0,0,0,0,0,0,0,0
</data>
 </layer>
 <objectgroup color="#9416a4" name="Objects">
  <object id="125" gid="25" x="544" y="192" width="16" height="16"/>
  <object id="126" gid="26" x="560" y="192" width="16" height="16"/>
  <object id="127" gid="26" x="576" y="192" width="16" height="16"/>
  <object id="128" gid="27" x="592" y="192" width="16" height="16"/>
  <object id="153" gid="25" x="864" y="160" width="16" height="16"/>
  <object id="154" gid="26" x="896" y="160" width="16" height="16"/>
  <object id="155" gid="26" x="880" y="160" width="16" height="16"/>
  <object id="156" gid="26" x="912" y="160" width="16" height="16"/>
  <object id="157" gid="26" x="928" y="160" width="16" height="16"/>
  <object id="158" gid="27" x="944" y="160" width="16" height="16"/>
  <object id="159" gid="17" x="448" y="208" width="16" height="16"/>
  <object id="161" gid="18" x="480" y="208" width="16" height="16"/>
  <object id="162" gid="18" x="464" y="208" width="16" height="16"/>
  <object id="163" gid="20" x="448" y="224" width="16" height="16"/>
  <object id="164" gid="21" x="464" y="224" width="16" height="16"/>
  <object id="165" gid="22" x="496" y="224" width="16" height="16"/>
  <object id="166" gid="19" x="496" y="208" width="16" height="16"/>
  <object id="167" gid="21" x="480" y="224" width="16" height="16"/>
 </objectgroup>
 <objectgroup color="#de4134" name="Events"/>
 <objectgroup name="Chars">
  <object id="112" gid="1" x="273" y="241" width="16" height="16"/>
 </objectgroup>
</map>
